14 13 91
2 8 1329317243
7 4 1346062363
9 5 1278857774
7 13 1564526532
3 6 1397869706
12 8 1487932835
9 8 1434671773
2 12 1246401666
0 2 1235791392
1 10 1568994920
1 5 1337860531
0 10 1407556947
1 0 1405225998
3 9 1511114573
1 9 1370835609
8 5 1522258375
3 13 1274316860
8 10 1506301143
7 1 1553405987
9 6 1425839037
8 13 1362613010
6 2 1348383348
13 5 1527621514
7 3 1406666580
2 13 1321229476
11 13 1448098070
10 3 1407482202
8 0 1300987908
9 13 1385560707
12 9 1537619995
6 5 1440889973
4 13 1289887493
6 0 1287884309
6 4 1454632870
12 10 1528210947
7 11 1247074863
9 7 1418869844
5 0 1548607659
0 11 1256575383
7 0 1314410063
1 4 1445772256
2 7 1543196493
12 0 1545829655
10 13 1408967672
2 1 1503974515
3 4 1283437990
5 2 1547099552
12 7 1249899579
5 7 1546190614
8 6 1450564244
8 7 1258976628
11 1 1336867217
11 10 1479122577
3 2 1362818977
9 10 1441597265
1 12 1394247911
11 8 1391881425
1 13 1230262677
7 10 1487290977
5 4 1292795669
11 4 1248775939
11 9 1456953289
4 10 1346508951
3 12 1233521839
12 13 1255158331
0 9 1270933204
11 12 1518633811
8 3 1453540958
4 0 1238420601
2 9 1501717682
4 12 1325183595
6 10 1488712627
5 3 1476447523
2 4 1524505903
5 10 1453330791
2 11 1243533104
7 6 1370785927
0 3 1522113301
8 1 1329054425
11 6 1455974645
12 5 1274542822
9 4 1258860842
10 2 1548544203
6 1 1223254394
6 12 1278180771
3 11 1551440316
13 6 1308890294
4 8 1559831086
0 13 1283813125
1 3 1263322063
5 11 1427637045
